  -1.690	  -2.000	   0.714	  -2.556	  -0.556	   0.614	  -4.322	  -1.434	
  -1.599	  -0.578	   0.000	  -2.252	  -0.535	  -0.358	  -2.120	  -0.556	
  -1.120	  -0.168	  -1.599	  -0.120	  -0.713	  -1.515	  -0.556	  -0.761	
  -1.120	  -2.943	  -0.252	   0.485	  -1.089	  -0.535	   0.202	  -1.286	
   0.000	   1.077	  -0.761	  -1.515	  -1.556	  -0.622	  -1.322	  -1.515	
  -0.304	  -0.234	  -1.556	  -0.737	  -0.218	  -1.515	  -0.713	  -0.713	
  -0.971	  -0.761	  -1.059	  -0.252	  -0.943	  -0.454	  -0.622	  -0.786	
  -1.184	  -0.105	  -1.184	  -0.494	  -0.120	  -1.396	  -0.713	  -0.644	
  -0.644	  -0.600	  -1.396	   0.333	  -0.578	  -1.737	  -0.304	  -0.889	
  -0.535	  -0.252	  -1.396	  -0.218	  -0.304	  -1.515	  -0.578	  -0.863	
  -0.089	  -0.304	  -1.358	  -0.578	   0.084	  -1.837	  -0.494	  -1.059	
  -1.556	  -0.136	  -0.358	  -0.454	  -0.322	  -1.059	  -1.000	  -0.737	
  -0.556	  -1.943	  -0.340	  -0.535	  -0.136	  -1.434	  -0.252	  -0.377	
  -1.120	  -0.415	  -0.556	  -0.201	  -1.556	  -0.622	  -0.622	  -0.434	
  -0.322	  -1.252	  -1.322	  -1.218	  -0.074	  -0.556	  -0.234	  -0.494	
  -0.184	   0.029	  -0.377	  -1.120	  -1.737	  -1.184	  -0.029	  -0.863	
  -0.622	  -0.434	  -0.556	  -0.667	  -0.667	  -0.494	  -0.837	  -0.943	
  -0.786	  -0.434	   0.556	  -0.322	  -0.415	  -1.358	  -0.916	  -1.515	
  -0.396	  -0.396	  -1.059	   0.299	  -0.168	  -2.252	  -0.234	  -0.971	
  -0.168	  -0.089	  -0.556	  -0.600	  -0.761	  -1.515	  -0.667	  -0.713	
  -0.377	  -0.201	  -1.218	  -0.136	  -0.454	  -1.434	  -0.556	  -0.690	
  -0.943	  -1.120	   0.043	  -0.415	  -1.029	  -0.667	  -0.152	  -0.761	
  -0.474	   0.176	  -0.761	   0.263	  -0.837	  -2.059	  -0.269	  -1.059	
  -0.218	  -0.286	  -0.322	  -1.218	  -0.578	  -1.059	  -0.494	  -0.837	
  -0.737	  -0.059	  -1.252	  -0.556	  -0.059	  -0.971	  -0.600	  -0.737	
  -1.152	  -0.322	  -0.644	  -0.105	   0.000	  -1.434	  -0.811	  -0.494	
  -0.454	  -0.136	  -1.059	  -0.377	  -0.218	  -1.474	  -0.644	  -0.494	
  -0.713	   0.070	  -0.152	  -0.377	  -1.120	  -1.120	  -0.434	  -1.000	
  -1.474	   0.333	  -0.201	  -1.120	  -0.889	  -0.578	   0.275	  -1.152	
  -0.434	  -0.120	  -1.184	  -0.120	  -0.358	  -0.474	  -0.322	  -1.786	
  -0.218	   0.000	  -1.286	  -1.029	   0.189	  -1.059	  -0.889	  -0.474	
  -0.059	   0.043	  -1.120	  -0.916	   0.164	  -1.152	  -0.454	  -1.252	
  -0.322	  -0.863	  -0.396	  -1.000	  -0.622	  -0.713	  -0.044	  -0.761	
  -0.737	   0.124	  -0.168	  -0.218	  -0.234	  -1.644	  -0.622	  -1.184	
  -0.535	   0.496	  -0.105	  -1.396	  -0.474	  -0.761	  -0.556	  -1.286	
  -0.358	  -0.358	  -0.761	  -0.578	  -0.415	  -1.059	  -0.737	  -0.286	
  -0.377	  -0.234	  -0.434	  -0.089	  -0.644	  -1.515	  -0.474	  -0.761	
   0.111	   0.000	  -1.152	  -0.201	  -0.340	  -1.786	  -0.340	  -0.811	
  -0.971	   0.043	  -0.358	  -0.136	  -0.234	  -1.599	  -0.535	  -0.713	
  -2.644	   0.014	   0.433	  -0.136	  -0.322	  -0.916	  -0.494	  -0.415	
   0.585	   0.057	  -1.120	  -0.837	   0.422	  -1.837	  -0.377	  -1.358	
  -0.600	   0.287	  -0.152	  -1.737	  -0.434	  -1.218	   0.014	  -0.622	
  -2.474	   0.345	  -0.089	  -0.044	  -0.515	  -0.535	  -0.286	  -0.863	
  -0.015	  -0.089	  -1.218	  -0.377	  -0.252	  -1.286	  -0.474	  -0.737	
  -0.415	  -0.269	  -0.837	   0.176	  -0.029	  -1.515	  -0.396	  -1.152	
  -0.535	  -0.396	  -1.089	  -0.434	  -0.396	  -0.811	  -0.474	  -0.269	
  -0.578	  -0.044	  -1.322	   0.299	  -0.358	  -1.556	  -0.286	  -0.556	
  -0.786	  -1.690	  -0.415	  -0.201	  -1.000	  -0.105	   0.322	  -0.494	
  -0.358	  -0.029	  -1.434	  -0.252	   0.070	  -1.737	  -0.184	  -0.434	
  -1.322	  -0.218	  -0.252	  -0.667	  -0.168	  -0.454	  -0.713	  -0.556	
  -0.943	  -0.105	  -0.667	   0.084	  -0.234	  -0.761	  -0.690	  -1.029	
  -0.120	  -0.667	  -0.811	  -0.863	  -1.556	  -0.415	   1.176	  -1.089	
  -0.322	  -0.286	  -1.434	  -0.340	   0.000	  -0.811	  -0.494	  -0.578	
  -0.218	  -0.089	  -0.667	  -0.377	  -0.863	  -0.863	  -0.535	  -0.644	
  -0.690	  -0.234	  -0.761	  -0.120	  -0.120	  -1.358	  -0.644	  -0.322	
  -1.644	  -0.184	   0.214	   0.151	  -0.837	  -0.304	  -0.136	  -1.474	
  -0.377	   0.043	  -0.786	  -0.667	  -0.234	  -1.059	  -0.600	  -0.515	
  -0.644	  -0.515	  -0.713	   0.014	  -0.340	  -1.184	  -0.252	  -0.535	
  -0.690	   1.098	  -0.600	  -0.535	  -0.322	  -1.059	  -0.713	  -1.322	
  -0.269	  -0.152	  -1.059	  -0.234	  -0.152	  -1.644	  -0.234	  -0.377	
  -0.434	  -0.690	  -0.168	  -0.494	  -0.786	  -0.515	   0.029	  -1.059	
  -2.644	  -0.152	   0.164	   0.367	  -0.600	  -0.556	   0.111	  -0.786	
  -1.322	  -0.358	  -0.358	   0.084	  -0.152	  -1.358	  -0.535	  -0.044	
  -0.916	  -0.415	  -0.396	  -0.201	  -0.535	  -0.761	  -0.396	  -0.415	
  -0.690	  -0.105	  -0.713	  -0.089	  -0.863	  -0.943	  -0.152	  -0.454	
  -0.252	  -0.234	  -0.863	  -0.089	  -0.358	  -1.286	  -0.474	  -0.434	
  -0.252	  -0.201	  -0.494	  -0.644	   0.029	  -1.059	  -0.786	  -0.578	
  -0.358	  -0.322	  -0.535	  -0.454	  -0.269	  -0.454	  -0.535	  -1.029	
  -0.269	   0.164	  -1.029	  -0.690	   0.029	  -0.943	  -0.415	  -0.786	
  -0.184	  -0.474	  -1.120	  -0.184	  -0.322	  -1.184	  -0.168	  -0.286	
  -1.000	  -0.136	  -0.811	   0.070	  -0.234	  -1.000	  -0.377	  -0.377	
  -0.415	   0.124	  -0.340	   0.333	  -1.029	  -1.396	  -0.059	  -1.059	
  -0.971	  -0.218	  -0.454	  -0.120	  -0.737	  -0.690	   0.057	  -0.690	
  -1.184	   0.310	  -0.168	  -0.556	  -0.515	  -0.837	  -0.120	  -0.737	
  -0.515	  -0.252	  -0.515	  -0.152	  -0.201	  -0.434	  -0.340	  -1.396	
  -0.454	   0.057	  -0.120	  -0.415	  -0.578	  -1.152	  -0.415	  -0.713	
  -1.059	  -0.074	  -0.556	   0.401	  -0.713	  -1.184	  -0.218	  -0.377	
  -0.737	  -0.120	  -0.622	  -0.029	  -0.286	  -0.916	  -0.415	  -0.644	
   0.000	  -0.218	  -1.120	  -0.494	  -0.074	  -0.943	  -0.358	  -0.535	
  -1.059	  -0.015	  -0.644	  -0.105	  -0.396	  -0.837	  -0.184	  -0.494	
  -1.943	   0.641	   0.084	  -0.434	  -0.600	  -0.184	  -0.434	  -0.863	
  -0.863	  -0.322	  -0.168	   0.475	  -0.415	  -1.184	  -0.136	  -1.120	
  -1.322	  -0.015	  -0.377	   0.138	  -0.494	  -1.089	  -0.168	  -0.396	
   0.287	  -0.184	  -0.434	  -0.556	   0.322	  -1.396	  -0.494	  -1.252	
  -0.044	   0.070	  -0.454	  -0.184	   0.014	  -1.690	  -0.286	  -1.120	
  -0.889	  -0.136	  -0.136	  -0.168	  -0.454	  -1.029	  -0.434	  -0.434	
  -0.304	  -0.029	  -0.713	  -0.074	  -0.218	  -1.218	  -0.434	  -0.644	
  -0.515	  -0.474	  -1.029	  -0.304	   0.029	  -0.152	  -0.044	  -1.120	
  -0.201	  -0.269	  -1.089	   0.098	  -0.234	  -1.396	  -0.015	  -0.494	
  -0.690	  -0.304	  -0.044	  -0.015	  -0.578	  -1.396	  -0.252	  -0.322	
  -0.234	  -0.152	  -0.644	  -0.434	  -0.252	  -0.786	  -0.786	  -0.304	
  -0.943	  -0.015	  -0.415	   0.070	  -0.201	  -1.184	  -0.556	  -0.340	
  -0.044	   0.623	  -0.059	  -0.454	  -1.322	  -1.218	  -0.152	  -0.916	
  -0.863	  -0.600	  -0.105	   0.411	  -0.713	  -0.322	  -0.667	  -0.667	
   0.111	  -0.535	  -1.252	   0.124	  -0.494	  -0.811	  -0.286	  -0.377	
  -0.434	  -0.120	  -0.089	  -0.029	  -1.089	  -0.837	  -0.304	  -0.578	
  -0.168	  -0.690	  -0.600	  -0.578	   0.275	  -1.286	  -0.377	  -0.044	
  -0.622	   0.263	  -0.515	  -0.269	  -0.415	  -0.622	  -0.105	  -1.184	
  -0.218	  -0.252	  -0.578	  -0.136	  -0.358	  -1.029	  -0.415	  -0.454	
  -0.396	  -0.168	  -0.089	  -0.304	  -0.396	  -0.690	  -0.837	  -0.556	
  -0.304	  -0.044	  -0.535	  -0.535	  -0.120	  -0.863	  -0.358	  -0.667	
  -1.434	   0.546	  -0.074	  -0.396	  -0.837	  -0.358	   0.029	  -0.889	
  -0.515	  -0.136	  -0.761	  -0.218	  -0.218	  -1.059	  -0.218	  -0.269	
   0.151	  -0.120	  -0.644	  -1.000	  -0.340	  -0.761	  -0.644	  -0.015	
  -1.059	   0.379	   0.164	  -0.120	  -0.786	  -0.786	  -0.286	  -0.863	
  -0.434	  -0.184	  -0.916	   0.057	  -0.556	  -0.074	  -0.434	  -0.811	
  -1.120	   0.556	  -0.252	  -0.218	  -1.059	  -0.737	   0.189	  -0.690	
  -0.515	  -0.474	  -0.168	  -0.201	  -0.377	  -0.168	  -0.136	  -1.286	
  -0.863	   0.263	   0.098	  -0.535	  -0.916	  -0.556	   0.275	  -1.089	
  -0.396	   0.084	  -0.322	  -0.358	  -0.515	  -0.761	  -0.234	  -0.811	
  -0.556	  -0.358	  -0.415	   0.098	  -1.120	  -0.578	   0.111	  -0.494	
  -0.737	  -0.059	  -0.201	  -0.515	  -0.136	  -0.811	  -0.454	  -0.396	
  -0.454	   0.356	  -0.737	   0.227	  -0.029	  -1.690	  -0.377	  -0.600	
  -0.786	  -0.120	   0.043	  -0.136	  -0.340	  -0.837	  -0.152	  -0.971	
   0.506	   0.333	  -0.184	  -1.286	  -0.105	  -1.152	  -0.786	  -0.622	
  -0.690	  -0.322	  -0.377	  -0.304	   0.029	  -1.120	  -0.152	  -0.358	
  -0.184	  -0.089	  -0.322	  -0.304	  -0.152	  -1.152	  -0.515	  -0.556	
  -0.059	   0.029	  -0.690	  -0.811	  -0.105	  -0.667	  -0.737	  -0.234	
   0.014	  -0.015	  -0.044	  -0.044	  -1.000	  -1.120	  -0.415	  -0.644	
  -0.252	  -0.644	  -0.074	   0.189	  -0.454	  -1.152	  -0.201	  -0.667	
  -0.644	   0.043	  -0.168	  -0.184	  -0.168	  -1.252	  -0.454	  -0.415	
  -0.786	  -0.120	   0.322	  -0.136	  -0.863	  -0.474	  -0.622	  -0.556	
  -0.358	   0.322	  -0.286	  -0.059	  -0.644	  -1.358	  -0.136	  -0.713	
   0.111	  -1.152	  -0.474	   0.485	  -0.786	  -0.556	  -0.089	  -0.761	
  -0.304	  -0.454	  -0.184	  -0.218	  -0.690	  -0.556	  -0.218	  -0.578	
   0.084	  -0.029	   0.084	  -0.015	  -0.578	  -0.713	  -0.044	  -1.943	
  -0.152	   0.084	  -0.434	  -0.515	   0.029	  -1.737	  -0.234	  -0.168	
  -0.494	   0.014	  -0.322	   0.043	  -0.201	  -1.252	  -0.358	  -0.556	
  -0.252	  -0.434	  -0.201	  -0.184	  -0.234	  -0.863	  -0.396	  -0.556	
  -0.415	  -0.713	  -0.304	  -0.105	  -0.494	  -0.786	   0.151	  -0.454	
  -0.515	  -0.168	  -0.074	  -0.120	  -0.600	  -0.837	  -0.269	  -0.515	
  -0.340	  -0.234	  -0.535	  -0.218	  -0.015	  -1.029	  -0.454	  -0.269	
   0.164	  -0.269	  -0.358	  -0.434	  -0.322	  -1.286	  -0.434	  -0.152	
  -0.184	   0.356	  -0.786	   0.043	  -0.434	  -1.089	  -0.184	  -0.811	
  -0.377	   0.029	  -0.761	  -0.136	  -0.029	  -0.837	  -0.556	  -0.415	
  -0.578	  -0.415	  -0.578	   0.057	  -0.136	  -0.837	  -0.358	  -0.234	
  -0.340	  -0.396	  -0.396	  -0.059	  -0.863	  -0.454	  -0.152	  -0.415	
  -0.105	  -0.136	  -1.059	  -0.089	  -0.201	  -1.029	  -0.218	  -0.234	
  -0.761	  -0.201	   0.151	   0.098	  -0.494	  -0.786	  -0.415	  -0.644	
  -0.218	  -0.396	  -0.474	   0.214	  -0.515	  -1.358	  -0.152	  -0.152	
  -0.889	  -0.286	  -0.578	  -0.690	  -0.494	   0.164	  -0.089	  -0.184	
  -0.761	   0.151	  -0.234	  -0.515	  -0.269	  -0.234	  -0.029	  -1.152	
   0.164	  -0.252	  -0.863	  -0.201	  -0.201	  -1.358	   0.124	  -0.454	
  -0.434	  -0.015	   0.111	  -0.434	  -0.474	  -0.863	  -0.434	  -0.474	
  -1.089	   0.014	  -0.340	   0.124	  -0.304	  -0.415	  -0.340	  -0.667	
  -0.059	  -0.089	  -0.089	  -0.434	  -0.494	  -0.761	  -0.474	  -0.600	
  -0.454	  -0.252	  -0.535	   0.251	  -0.434	  -1.120	  -0.089	  -0.358	
   0.043	  -0.340	  -0.454	   0.014	  -0.201	  -1.690	   0.214	  -0.578	
  -0.713	  -0.152	   0.029	   0.475	  -0.811	  -1.120	  -0.089	  -0.600	
  -1.059	   0.251	   0.070	  -0.377	  -0.269	  -0.358	  -0.322	  -0.916	
  -0.136	   0.070	  -0.358	  -0.644	  -0.234	  -0.667	  -0.454	  -0.556	
  -0.737	  -0.120	   0.214	  -0.377	  -0.863	  -0.474	  -0.044	  -0.578	
   0.287	   0.084	  -0.396	  -0.889	  -0.218	  -1.120	  -0.454	  -0.269	
  -0.474	   0.239	  -0.690	  -0.074	  -0.358	  -0.761	  -0.415	  -0.434	
   0.111	  -0.201	  -0.059	   0.057	  -1.434	  -0.556	   0.124	  -1.000	
  -0.252	  -0.218	  -0.415	  -0.286	  -0.322	  -0.667	  -0.059	  -0.737	
  -0.286	  -0.015	   0.084	  -0.713	  -0.811	  -0.535	   0.029	  -0.690	
   0.057	   0.275	   0.433	  -0.396	  -0.120	  -1.786	  -0.713	  -0.667	
  -0.667	   0.151	  -0.234	  -0.136	  -0.358	  -0.889	  -0.286	  -0.494	
  -0.556	  -0.105	  -0.340	  -0.168	  -0.474	  -0.811	  -0.168	  -0.286	
  -0.168	  -0.059	  -0.152	  -0.494	  -0.474	  -0.304	  -0.105	  -1.152	
  -0.304	   0.433	   0.029	   0.000	  -0.863	  -0.971	  -0.286	  -0.943	
  -1.152	  -0.136	   0.641	  -0.136	  -0.377	  -0.535	  -0.622	  -0.578	
  -0.786	  -0.152	  -0.218	  -0.120	  -0.184	  -0.943	  -0.304	  -0.184	
  -0.761	   0.263	  -1.358	  -0.184	  -0.415	  -0.089	   0.367	  -0.713	
  -0.269	  -0.184	  -1.184	   0.379	  -0.304	  -0.943	  -0.044	  -0.340	
  -0.377	  -0.761	  -0.556	   0.138	   0.043	  -0.837	   0.333	  -0.863	
  -0.916	  -0.269	   0.287	  -0.811	  -0.252	  -0.201	  -0.089	  -0.622	
  -0.252	   0.151	   0.098	  -0.474	  -0.556	  -1.000	  -0.322	  -0.515	
  -0.837	  -0.304	  -0.184	   0.138	  -0.136	  -0.916	  -0.454	  -0.168	
  -0.556	  -0.269	  -0.029	  -0.168	  -0.044	  -0.811	  -0.168	  -0.811	
  -0.837	   0.151	  -0.074	  -0.234	  -0.074	  -0.916	  -0.454	  -0.415	
  -0.377	  -0.044	  -0.535	  -0.029	  -0.304	  -0.644	  -0.396	  -0.515	
  -0.105	  -0.494	  -0.434	  -0.089	  -0.184	  -0.811	  -0.252	  -0.474	
  -0.556	  -0.252	  -0.322	  -0.184	  -0.377	  -0.535	  -0.396	  -0.218	
  -0.136	  -0.454	  -0.322	   0.390	  -0.837	  -1.120	  -0.044	  -0.304	
  -0.269	  -0.120	  -0.136	   0.014	  -0.494	  -1.396	  -0.136	  -0.286	
  -0.168	   0.084	  -0.286	  -0.044	  -0.269	  -1.152	  -0.252	  -0.713	
  -0.396	   0.014	   0.043	  -0.044	  -0.396	  -1.059	  -0.269	  -0.690	
  -1.396	   0.164	  -0.029	  -0.234	  -0.218	  -0.454	  -0.340	  -0.286	
   0.029	   0.164	   0.275	  -0.304	  -1.059	  -0.943	  -0.168	  -0.786	
   0.227	  -0.415	  -0.415	  -0.622	  -0.304	  -0.184	  -0.340	  -0.737	
  -0.916	  -1.252	   2.379	  -0.218	  -0.644	  -0.168	  -0.971	  -1.000	
   0.124	  -0.434	  -0.644	   0.084	   0.029	  -1.000	  -0.415	  -0.515	
  -0.667	  -0.234	  -0.089	  -0.152	  -1.396	  -0.377	   0.749	  -0.600	
  -0.089	  -0.340	  -0.286	   0.287	  -0.152	  -1.396	  -0.201	  -0.578	
  -0.667	  -0.322	  -0.286	   0.098	  -0.120	  -0.837	   0.029	  -0.644	
  -0.415	  -0.152	  -0.218	  -0.644	  -0.184	  -0.322	  -0.340	  -0.474	
  -0.556	  -0.286	  -0.690	   0.275	   0.379	  -0.971	  -0.434	  -0.454	
  -0.863	  -0.136	   0.029	  -0.089	  -0.340	  -0.377	  -0.286	  -0.667	
  -1.059	  -0.184	  -0.029	   0.014	  -0.218	  -0.600	  -0.218	  -0.396	
  -0.269	   0.057	   0.164	   0.239	  -0.761	  -1.322	  -0.218	  -0.578	
  -0.029	  -0.434	   0.084	   0.322	  -1.089	  -0.971	   0.057	  -0.622	
  -0.474	  -0.059	  -0.152	  -0.044	  -0.786	  -0.644	   0.098	  -0.622	
  -0.811	   0.345	  -0.044	   0.043	  -0.152	  -1.059	  -0.059	  -0.943	
  -0.234	  -0.304	  -0.622	  -0.105	  -0.234	  -0.152	  -0.415	  -0.600	
  -0.304	  -0.184	   0.084	  -0.089	  -0.377	  -1.029	   0.401	  -1.152	
  -1.000	   0.029	  -0.837	   0.390	  -0.358	  -0.358	   0.070	  -0.578	
  -0.396	  -0.340	  -0.786	   0.138	   0.000	  -1.120	  -0.252	   0.124	
   0.263	  -0.396	   0.275	  -0.286	  -0.015	  -1.396	   0.322	  -1.396	
  -0.029	   0.014	  -0.029	  -0.269	  -1.396	  -0.556	   0.164	  -0.515	
  -0.535	  -0.415	  -0.044	  -0.358	  -0.340	  -0.304	   0.029	  -0.644	
  -0.074	   0.202	  -0.644	  -0.120	   0.151	  -1.286	  -0.358	  -0.474	
  -0.535	  -0.120	  -0.234	   0.111	  -0.184	  -0.737	  -0.304	  -0.600	
   0.275	  -0.184	  -0.168	  -0.029	  -0.218	  -1.184	  -0.252	  -0.837	
   0.227	   0.111	  -0.434	  -0.578	   0.070	  -0.971	  -0.622	  -0.396	
  -0.535	  -0.358	  -0.044	  -0.089	  -1.737	   0.227	   0.151	  -0.201	
  -0.535	  -0.152	  -0.234	  -0.201	  -0.358	  -0.474	  -0.234	  -0.396	
  -0.578	  -0.252	   0.433	  -0.474	  -0.600	  -0.494	   0.379	  -1.000	
  -0.761	  -0.286	  -0.454	   0.227	  -0.089	  -0.515	  -0.600	  -0.105	
   0.496	   0.189	  -0.863	  -0.454	   0.411	  -1.120	  -0.396	  -0.837	
  -0.234	  -0.168	  -0.074	  -0.184	  -0.074	  -1.184	  -0.454	  -0.184	
   0.098	  -0.286	  -0.269	  -0.234	   0.164	  -1.644	  -0.434	   0.057	
  -1.120	  -0.201	  -0.136	   0.070	  -0.218	  -0.556	  -0.358	  -0.029	
  -0.837	   0.401	   0.138	   0.057	  -0.889	  -0.377	   0.057	  -1.089	
   0.000	   0.151	  -0.234	  -0.252	  -0.218	  -1.252	  -0.269	  -0.454	
  -0.415	  -0.105	  -0.168	  -0.201	  -0.201	  -0.556	  -0.377	  -0.494	
  -0.622	  -0.218	   0.333	  -0.377	  -0.515	  -1.000	   0.356	  -0.474	
  -0.168	  -0.304	  -0.152	   0.029	  -0.322	  -0.622	  -0.474	  -0.494	
  -0.269	  -0.044	   0.356	  -0.168	  -0.690	  -1.089	  -0.044	  -0.556	
  -0.358	   0.057	  -0.015	  -0.713	  -0.152	  -0.322	  -0.358	  -0.622	
  -0.089	  -0.786	  -0.015	  -0.252	  -0.396	  -0.434	  -0.074	  -0.434	
  -0.494	  -0.322	  -0.396	   0.263	  -0.358	  -0.578	  -0.168	  -0.396	
  -0.690	  -0.044	  -0.120	   0.043	  -0.218	  -0.690	  -0.340	  -0.377	
   0.043	  -0.120	  -0.434	  -0.152	   0.057	  -1.152	  -0.322	  -0.340	
  -0.168	  -0.218	   0.214	   0.000	  -1.184	  -0.218	   0.475	  -1.322	
  -0.474	  -0.184	  -0.105	  -0.218	  -0.029	  -0.863	  -0.358	  -0.184	
  -0.044	  -0.074	  -0.644	   0.084	  -0.252	  -1.184	  -0.269	  -0.029	
  -0.644	  -0.304	  -0.322	  -0.168	   0.014	  -0.644	  -0.340	   0.000	
  -0.120	  -0.168	   0.880	  -0.286	  -0.515	  -0.474	   0.287	  -2.000	
  -0.515	   0.014	   0.098	  -0.269	  -0.454	  -0.286	  -0.358	  -0.622	
  -0.152	   0.070	  -0.434	  -0.252	  -0.415	  -0.600	  -0.269	  -0.340	
  -0.152	  -0.074	  -0.286	  -0.494	  -0.201	  -0.761	  -0.218	  -0.184	
  -0.136	  -0.136	  -0.415	   0.000	   0.000	  -0.761	  -0.340	  -0.578	
  -0.015	   0.000	  -0.396	  -0.269	  -0.286	  -0.863	  -0.286	  -0.252	
  -0.916	  -0.286	   0.070	   0.014	   0.356	  -0.515	  -0.152	  -0.916	
  -0.322	  -0.234	   0.263	  -0.184	  -0.322	  -0.971	   0.029	  -0.600	
   0.176	  -0.218	  -0.015	  -0.120	  -0.152	  -0.889	  -0.234	  -0.889	
  -0.089	  -0.120	  -0.415	   0.057	  -0.622	  -0.089	  -0.269	  -0.786	
  -0.184	  -0.105	  -0.105	   0.202	  -0.578	  -1.059	   0.014	  -0.515	
   0.000	  -0.059	  -0.535	   0.986	  -1.358	  -0.916	   0.454	  -0.889	
  -0.120	   0.098	  -0.286	  -0.535	  -0.059	  -0.690	  -0.454	  -0.269	
  -0.916	  -0.322	   0.151	   0.227	  -0.600	  -0.434	   0.138	  -0.535	
  -0.556	  -0.454	  -0.105	  -0.089	  -0.494	  -0.377	  -0.015	  -0.201	
  -0.234	  -0.377	  -0.340	   0.014	   0.070	  -1.089	   0.124	  -0.454	
  -0.029	   0.000	  -0.269	  -0.184	  -0.644	  -0.916	   0.239	  -0.474	
  -0.184	  -0.029	  -0.396	  -0.059	  -0.434	  -0.837	  -0.152	  -0.184	
  -0.358	  -0.494	  -0.396	   0.070	  -0.286	  -0.667	  -0.184	   0.043	
   0.138	  -0.252	  -0.667	  -0.184	   0.043	  -1.120	  -0.304	   0.084	
  -0.396	  -0.089	  -0.286	   0.029	  -0.152	  -0.786	  -0.304	  -0.269	
  -1.218	   0.287	  -0.059	   0.057	  -0.105	  -0.556	  -0.201	  -0.454	
  -0.286	   0.029	   0.098	  -0.120	  -0.811	  -0.622	   0.000	  -0.535	
  -0.105	  -0.120	  -0.340	  -0.201	  -0.234	  -0.600	  -0.340	  -0.304	
  -0.136	  -0.089	  -0.184	  -0.201	  -0.201	  -0.837	  -0.304	  -0.286	
  -0.667	  -0.105	   0.151	  -0.152	  -0.152	  -0.494	  -0.218	  -0.600	
   0.367	   0.749	   0.299	  -1.644	  -0.136	  -0.454	  -0.377	  -1.029	
   0.227	  -0.105	  -0.600	  -0.201	  -0.074	  -1.152	  -0.074	  -0.234	
  -0.234	   0.124	   0.239	  -0.515	  -0.863	  -0.515	  -0.015	  -0.434	
  -0.168	  -0.415	  -0.415	  -0.029	  -0.286	  -0.358	  -0.168	  -0.358	
  -1.089	  -0.201	  -0.535	   0.263	  -0.201	  -0.494	  -0.074	   0.138	
  -0.184	  -0.184	  -0.136	  -0.015	  -0.304	  -0.811	  -0.286	  -0.269	
  -0.622	  -0.074	  -0.218	   0.202	  -0.474	  -0.434	   0.151	  -0.713	
  -0.089	   0.000	  -0.074	  -0.269	  -1.029	  -0.074	  -0.340	  -0.304	
  -0.136	  -0.322	   0.000	   0.098	  -0.234	  -0.415	  -0.015	  -1.152	
  -0.713	  -0.252	   0.287	   0.151	  -0.494	  -0.234	  -0.074	  -0.837	
   0.084	   0.151	  -0.234	  -0.201	   0.070	  -0.863	  -0.136	  -1.029	
  -0.713	   0.275	   0.138	   0.239	  -0.644	  -1.000	   0.239	  -0.690	
  -0.234	  -0.269	  -0.286	  -0.201	  -0.252	  -0.556	  -0.269	  -0.089	
  -0.454	   0.251	   0.151	   0.014	  -0.377	  -1.286	  -0.184	  -0.269	
   0.124	  -0.029	  -0.434	  -0.667	  -0.218	  -0.556	  -0.234	  -0.136	
  -0.184	  -0.218	  -0.029	   0.098	  -0.943	  -0.811	   0.585	  -0.644	
  -0.377	  -0.737	  -0.474	   0.189	  -0.304	  -0.690	   0.536	  -0.286	
  -0.269	   0.098	  -0.044	  -0.252	  -0.120	  -0.713	  -0.218	  -0.622	
  -0.168	  -0.168	   0.098	  -0.358	  -0.377	  -0.600	  -0.454	  -0.105	
  -0.152	  -0.120	  -0.474	   0.124	  -0.089	  -1.059	  -0.184	  -0.168	
  -0.168	  -0.269	  -0.120	   0.057	  -0.152	  -0.943	  -0.218	  -0.304	
  -0.044	   0.000	  -0.761	  -0.029	  -0.152	  -0.837	  -0.152	  -0.136	
  -0.811	   0.151	   0.251	  -0.029	  -0.340	  -1.059	   0.164	  -0.434	
   0.401	   0.084	  -0.622	  -0.515	  -0.667	  -0.074	  -0.515	  -0.201	
  -0.168	  -0.168	  -0.152	  -0.120	  -0.622	  -0.234	  -0.120	  -0.515	
   0.029	   0.275	   0.070	  -0.059	  -0.269	  -0.863	  -0.494	  -0.786	
  -0.515	   0.043	  -0.286	  -0.556	   0.070	  -0.494	  -0.152	  -0.201	
   0.029	  -0.120	  -0.358	   0.029	  -0.600	  -0.667	  -0.044	  -0.358	
   0.057	  -0.286	  -0.578	  -0.015	  -0.059	  -1.000	  -0.340	   0.138	
  -0.152	  -0.201	  -0.029	   0.239	  -0.168	  -0.811	   0.014	  -0.971	
  -0.168	   0.111	  -0.105	  -0.358	  -0.286	  -0.837	  -0.105	  -0.322	
  -0.304	   0.014	   0.084	  -0.252	  -0.377	  -0.494	   0.176	  -0.916	
  -0.358	  -0.044	  -0.059	  -0.059	  -0.218	  -0.837	  -0.184	  -0.304	
  -0.556	  -0.286	   0.111	  -0.029	  -0.667	  -0.089	  -0.358	  -0.184	
  -0.105	  -0.322	  -0.396	   0.043	  -0.044	  -0.396	  -0.074	  -0.761	
  -0.322	  -0.252	   0.043	  -0.322	  -0.152	  -0.667	  -0.059	  -0.322	
  -0.120	  -0.184	  -0.089	  -0.152	  -0.286	  -0.622	  -0.152	  -0.434	
  -1.029	  -0.184	  -0.120	  -0.120	  -0.074	   0.239	  -0.105	  -0.644	
   0.138	   0.151	   0.084	  -0.415	  -0.105	  -0.971	   0.057	  -0.971	
  -0.340	  -0.218	  -0.044	   0.138	  -0.136	  -0.622	   0.000	  -0.811	
   0.189	  -0.474	   0.057	   0.310	  -0.322	  -1.286	   0.310	  -0.811	
  -0.600	  -0.089	   0.057	   0.043	  -0.454	  -0.377	   0.000	  -0.600	
  -0.340	  -0.120	   0.029	   0.098	  -0.234	  -1.184	  -0.234	  -0.029	
  -0.415	  -0.089	  -0.136	  -0.168	  -0.286	  -0.415	  -0.201	  -0.304	
  -0.667	   0.000	   0.029	   0.299	  -0.168	  -1.059	  -0.029	  -0.415	
   0.057	  -0.252	  -0.044	   0.029	  -0.234	  -0.622	  -0.322	  -0.622	
  -0.044	   0.084	   0.070	   0.000	  -0.184	  -1.029	  -0.340	  -0.556	
   0.705	  -0.622	  -0.136	   0.014	   0.070	  -0.786	  -0.234	  -1.000	
  -0.322	   0.202	  -0.120	  -0.015	  -0.358	  -0.535	  -0.044	  -0.786	
  -0.322	  -0.136	   0.057	  -0.168	  -0.184	  -0.737	  -0.168	  -0.304	
  -0.015	  -0.168	  -0.152	  -0.136	   0.111	  -1.152	   0.029	  -0.474	
  -0.074	  -0.184	  -0.044	   0.043	  -0.120	  -0.889	  -0.168	  -0.515	
  -0.252	  -0.184	  -0.234	  -0.340	  -0.434	  -0.201	  -0.136	  -0.136	
  -0.515	   0.029	   0.043	  -0.136	  -0.074	  -0.786	  -0.044	  -0.434	
  -0.515	   0.678	  -0.105	  -0.089	  -0.152	  -0.737	  -0.304	  -0.690	
  -0.269	  -0.168	  -0.415	   0.098	  -0.218	  -0.515	  -0.105	  -0.322	
  -0.089	  -0.644	   0.986	  -0.737	  -1.152	  -0.454	   0.465	  -0.286	
  -0.396	  -0.044	  -0.184	   0.263	   0.098	  -1.218	  -0.120	  -0.304	
  -0.454	  -0.218	  -0.396	  -0.168	   0.000	  -0.152	  -0.184	  -0.322	
  -0.074	  -0.074	  -0.269	  -0.269	  -0.340	  -0.515	  -0.286	  -0.059	
  -0.377	   0.111	   0.000	   0.214	  -0.286	  -0.943	  -0.184	  -0.415	
   0.084	  -0.184	  -0.737	  -0.322	  -0.218	   0.444	  -0.515	  -0.415	
  -0.089	   0.151	  -0.168	  -0.136	  -0.269	  -0.916	  -0.105	  -0.322	
  -0.340	   0.251	   0.000	  -0.136	   0.000	  -0.916	  -0.218	  -0.494	
   0.043	  -0.168	  -0.252	  -0.218	  -0.184	  -0.474	  -0.494	  -0.105	
  -0.152	   0.164	  -0.074	  -0.234	  -0.059	  -0.786	  -0.340	  -0.358	
  -0.434	  -0.218	  -0.252	   0.164	  -0.304	  -0.494	  -0.015	  -0.286	
  -0.515	   0.151	  -0.120	  -0.304	  -0.089	  -0.340	  -0.120	  -0.494	
  -0.218	  -0.286	  -0.837	   0.275	  -0.786	  -0.044	   0.379	  -0.304	
  -0.377	  -0.304	  -0.168	  -0.015	   0.202	  -0.304	   0.151	  -1.000	
  -0.358	  -0.201	  -0.304	   0.057	  -0.322	  -0.786	   0.275	  -0.168	
  -0.644	  -0.184	   0.227	   0.000	  -0.184	  -0.556	  -0.358	  -0.105	
  -0.286	  -0.201	  -0.059	   0.084	  -0.396	  -0.786	   0.043	  -0.201	
  -0.074	   0.176	  -0.377	   0.176	  -0.136	  -1.089	  -0.089	  -0.377	
  -0.089	  -0.029	  -0.044	  -0.105	   0.043	  -1.029	  -0.136	  -0.396	
   0.029	  -0.201	  -0.556	  -0.340	   0.070	  -0.494	  -0.120	  -0.168	
   0.275	   0.263	  -0.252	  -0.358	   0.029	  -0.971	  -0.556	  -0.201	
  -1.434	   0.227	   0.356	   0.189	   0.227	  -0.786	  -0.252	  -0.286	
  -0.184	   0.189	   0.124	   0.239	  -0.415	  -0.358	   0.138	  -1.474	
   0.029	  -0.218	   0.239	  -0.494	  -0.515	  -0.515	   0.227	  -0.494	
  -0.120	  -0.120	  -0.184	  -0.044	  -0.322	  -0.667	  -0.015	  -0.269	
  -0.089	  -0.269	  -0.136	   0.124	  -0.201	  -0.971	   0.164	  -0.358	
  -0.713	  -0.089	   0.433	  -0.029	  -0.474	  -0.622	   0.251	  -0.494	
  -0.396	   1.967	   0.251	  -1.434	  -0.863	  -0.971	   0.422	  -0.713	
  -0.737	  -0.396	   0.043	   0.111	  -0.218	  -0.494	  -0.074	   0.029	
  -0.015	   0.029	  -0.415	  -0.434	   0.322	  -0.494	  -0.234	  -0.494	
  -0.184	  -0.556	  -0.105	   0.251	  -0.622	  -0.578	   0.227	  -0.168	
  -0.916	  -0.184	   0.043	   0.485	  -0.234	  -0.340	   0.014	  -0.600	
  -0.152	   0.585	   0.029	  -0.396	  -0.322	  -0.667	  -0.252	  -0.556	
  -0.089	  -0.184	   0.164	  -0.644	  -0.269	  -0.201	  -0.269	  -0.234	
  -0.494	  -0.168	  -0.201	  -0.152	  -0.269	  -0.105	  -0.105	  -0.218	
  -0.029	   0.345	  -0.059	  -0.515	  -0.120	  -0.358	  -0.136	  -0.837	
  -0.556	   0.614	  -0.252	   0.098	  -0.454	  -0.690	   0.176	  -0.644	
  -1.434	   0.164	   0.475	  -0.029	  -0.396	   0.070	  -0.059	  -0.494	
  -0.358	  -0.184	  -0.152	   0.000	  -0.454	  -0.322	  -0.136	  -0.089	
  -0.358	   0.057	   0.057	  -0.059	  -0.074	  -0.578	  -0.415	  -0.322	
  -0.184	  -0.074	   0.124	  -0.105	  -0.252	  -0.454	  -0.358	  -0.377	
   0.043	   1.014	  -0.218	  -0.916	  -0.304	  -0.434	  -0.218	  -0.644	
  -0.136	   0.098	   0.000	   0.189	  -0.667	  -0.786	  -0.120	  -0.252	
  -0.184	  -0.234	   0.124	  -0.152	   0.214	  -0.916	  -0.184	  -0.340	
   0.485	   0.124	  -0.252	  -0.556	  -0.304	  -0.690	  -0.340	  -0.136	
  -0.105	   0.475	   0.070	  -0.184	  -0.286	  -0.786	   0.070	  -0.916	
  -0.644	  -0.105	   0.057	   0.164	  -0.234	  -0.044	   0.124	  -0.971	
  -0.515	   0.740	   0.084	  -0.304	  -0.889	  -0.600	   0.433	  -0.600	
  -0.916	   0.014	   0.227	  -0.029	   0.111	  -0.667	   0.014	  -0.396	
  -0.136	  -0.136	   0.029	   0.227	  -0.556	  -0.600	  -0.029	  -0.434	
   0.379	   0.189	  -0.474	  -0.474	   0.138	  -1.152	  -0.184	  -0.044	
  -0.201	   0.029	   0.098	  -0.168	  -0.690	  -0.358	   0.124	  -0.454	
   0.202	  -0.105	  -0.454	  -0.136	   0.084	  -0.690	  -0.535	   0.014	
   0.138	  -0.136	  -0.454	  -0.234	  -0.029	  -0.644	   0.029	  -0.286	
   0.251	  -0.120	  -0.152	  -0.074	  -0.136	  -0.644	   0.098	  -0.837	
  -1.690	   0.124	   0.791	   0.275	  -0.136	  -0.358	   0.356	  -0.971	
   0.111	  -0.234	  -0.201	   0.124	  -0.044	  -1.152	  -0.044	  -0.168	
  -0.029	  -0.269	  -0.089	  -0.184	   0.014	  -0.474	  -0.304	  -0.269	
   0.098	   0.029	   0.239	  -0.916	   0.057	  -0.434	  -0.218	  -0.454	
   0.310	  -0.434	   0.111	   0.202	  -0.340	  -1.089	  -0.152	  -0.201	
  -0.494	  -0.252	  -0.136	   0.411	  -0.322	  -0.415	  -0.218	  -0.168	
  -0.074	  -0.059	   0.356	   0.014	   0.043	  -0.059	  -0.415	  -1.396	
   0.014	  -0.136	  -0.089	   0.124	   0.029	  -1.000	  -0.015	  -0.515	
  -0.761	  -0.044	   0.138	   0.176	   0.138	  -0.863	  -0.218	  -0.152	
   0.176	   0.111	  -0.252	   0.057	  -0.515	  -0.622	   0.084	  -0.622	
   0.496	   0.000	   0.345	  -0.474	  -0.201	  -0.786	  -0.578	  -0.377	
  -0.136	  -0.286	   0.138	   0.043	  -0.600	  -0.667	   0.138	  -0.201	
   0.043	  -0.044	   0.356	  -0.168	  -0.136	  -0.578	  -0.044	  -1.000	
  -0.120	  -0.184	  -0.059	   0.151	  -0.234	  -0.863	  -0.136	  -0.120	
  -0.396	  -0.120	  -0.269	   0.000	   0.214	  -0.556	  -0.201	  -0.234	
  -0.434	   0.585	   0.014	  -0.252	  -0.535	  -0.269	  -0.136	  -0.535	
   0.239	   0.124	   0.138	  -0.015	  -0.120	  -1.152	  -0.105	  -0.667	
   0.189	   0.029	   0.084	  -0.358	  -0.059	  -0.786	  -0.218	  -0.434	
   0.164	  -0.059	   0.651	  -0.863	  -0.201	  -0.322	  -1.059	   0.138	
  -0.474	   0.043	   0.043	  -0.168	   0.014	  -0.600	  -0.044	  -0.358	
   0.098	  -0.152	  -0.152	   0.098	  -0.252	  -0.737	   0.014	  -0.434	
  -0.089	  -0.494	  -0.415	   0.043	  -0.415	  -0.286	  -0.074	   0.214	
  -0.286	  -0.184	  -0.201	  -0.044	  -0.136	  -0.578	  -0.015	  -0.059	
   0.345	  -0.286	   0.000	   0.014	  -0.322	  -0.358	   0.000	  -0.889	
   0.202	   0.124	  -0.454	   0.151	  -0.029	  -1.000	   0.098	  -0.578	
   0.014	   0.014	  -0.201	  -0.252	  -0.168	  -0.120	  -0.377	  -0.396	
  -0.415	   0.000	   0.367	  -0.622	  -0.358	   0.138	  -0.120	  -0.474	
  -0.074	  -0.120	  -0.105	   0.070	  -0.152	  -0.713	  -0.074	  -0.304	
  -0.029	   0.111	   0.124	   0.124	  -1.029	  -0.811	   0.379	  -0.340	
  -0.622	  -0.089	  -0.218	   0.202	  -0.044	  -0.515	  -0.234	   0.057	
  -0.737	  -0.029	   0.299	   0.356	  -0.168	  -0.761	   0.014	  -0.434	
  -0.105	  -0.168	   0.014	  -0.184	   0.239	  -0.761	  -0.415	  -0.074	
   0.043	  -0.252	  -0.089	  -0.105	  -0.218	  -0.269	  -0.044	  -0.515	
   0.070	  -0.120	   0.214	  -0.811	   0.390	  -0.600	   0.151	  -0.737	
  -0.286	   0.345	   0.098	   0.057	  -0.415	  -0.786	  -0.074	  -0.377	
  -0.304	   0.356	  -0.029	   0.465	  -0.120	  -1.358	  -0.044	  -0.396	
  -0.089	  -0.015	  -0.184	   0.014	   0.057	  -0.761	  -0.340	  -0.105	
  -0.152	  -0.059	   0.000	  -0.015	   0.214	  -0.252	  -0.184	  -0.971	
  -0.286	  -0.494	  -0.168	   0.138	  -0.434	  -0.136	   0.000	  -0.029	
  -0.340	  -0.184	  -0.089	   0.546	  -0.713	  -0.434	   0.322	  -0.515	
   0.111	  -0.168	  -0.234	  -0.474	  -0.168	  -0.304	   0.070	  -0.234	
  -0.089	  -0.105	  -0.252	   0.084	  -0.152	  -0.690	  -0.029	  -0.168	
   0.263	   0.057	   0.043	  -0.152	  -0.737	  -0.556	  -0.252	  -0.059	
  -0.340	   0.057	   0.322	   0.029	  -0.269	  -0.737	  -0.201	  -0.234	
   0.124	  -0.029	   0.164	  -0.494	  -0.252	  -0.713	  -0.201	   0.029	
  -0.059	  -0.184	  -0.322	  -0.286	   0.151	  -0.396	  -0.201	  -0.074	
  -0.340	  -0.136	  -0.044	  -0.152	  -0.136	  -0.089	  -0.168	  -0.304	
  -0.377	   0.014	   0.176	   0.057	  -0.340	  -0.578	  -0.029	  -0.286	
  -0.690	   0.263	   0.546	  -0.015	  -0.358	  -0.322	  -0.105	  -0.667	
   0.151	  -0.059	   0.043	  -0.059	  -0.600	  -0.644	  -0.089	  -0.089	
   0.791	  -0.304	  -0.286	  -0.120	  -0.863	  -0.578	   0.151	  -0.136	
  -0.322	  -0.136	   0.084	   0.239	  -0.600	   0.057	  -0.168	  -0.494	
  -0.415	  -0.218	  -0.015	   0.138	  -0.059	  -0.358	   0.124	  -0.535	
  -0.396	  -0.059	   0.014	   0.084	  -0.136	  -0.515	  -0.252	  -0.074	
  -1.000	   0.000	   0.506	  -0.089	  -0.252	  -0.252	  -0.136	  -0.105	
   0.390	  -0.029	  -0.218	  -0.269	  -0.304	  -0.644	  -0.234	  -0.015	
   0.070	   0.000	   0.014	  -0.340	  -0.136	  -0.415	  -0.168	  -0.340	
  -0.136	  -0.105	  -0.218	  -0.269	  -0.120	  -0.044	  -0.377	  -0.044	
  -0.074	  -0.218	   0.227	  -0.201	  -0.737	  -0.304	   0.164	  -0.168	
  -0.269	  -0.029	   0.310	  -0.201	  -0.269	  -0.434	  -0.184	  -0.234	
  -0.269	   0.124	  -0.015	   0.322	  -0.340	  -0.786	  -0.168	  -0.152	
  -0.218	   0.176	  -0.152	  -0.474	   0.000	  -0.089	  -0.252	  -0.269	
   0.043	  -0.105	   0.189	  -0.089	  -0.252	  -0.535	  -0.089	  -0.434	
   0.345	   0.176	  -0.089	  -0.916	   0.098	  -0.201	  -0.358	  -0.322	
   0.070	  -0.201	  -0.089	   0.057	  -0.044	  -0.943	  -0.089	  -0.015	
   0.299	  -0.120	  -0.340	  -0.494	   0.057	  -0.218	  -0.269	  -0.168	
   0.556	   0.251	  -0.234	  -0.234	   0.164	  -0.494	  -0.396	  -0.863	
  -0.218	  -0.089	  -0.474	   0.057	  -0.340	  -0.286	   0.356	  -0.252	
  -1.089	  -0.152	   0.345	  -0.168	  -0.358	   0.014	   0.189	  -0.015	
  -0.252	  -0.218	  -0.136	   0.287	  -0.304	  -0.218	   0.367	  -0.761	
  -0.761	  -0.269	   0.070	   0.014	  -0.535	   0.263	   0.014	  -0.029	
  -0.761	   0.111	  -0.044	   0.333	  -0.322	  -0.234	  -0.074	  -0.234	
  -0.089	   0.124	   0.227	  -0.059	   0.214	  -0.889	  -0.201	  -0.535	
   0.239	  -1.089	   0.287	  -0.622	  -0.415	  -0.286	   0.651	   0.029	
  -0.377	   0.202	   0.000	   0.138	  -0.304	  -0.269	  -0.120	  -0.474	
  -0.168	   0.124	   0.356	   0.189	  -0.377	  -0.889	   0.014	  -0.415	
   0.345	   0.138	  -0.152	  -0.269	   0.000	  -0.971	  -0.269	   0.014	
   0.084	  -0.152	   0.070	  -0.184	   0.000	   0.546	  -0.201	  -1.322	
  -0.044	   0.000	   0.287	  -0.415	  -0.252	   0.029	  -0.184	  -0.578	
  -0.105	  -0.089	  -0.120	  -0.120	   0.043	  -0.269	   0.043	  -0.535	
  -0.454	   0.310	   0.214	   0.014	  -0.322	  -0.737	   0.422	  -0.600	
   0.214	  -0.811	  -0.074	   0.496	  -0.761	  -0.269	   0.723	  -0.667	
  -0.184	  -0.120	   0.164	   0.014	  -0.322	  -0.252	   0.151	  -0.600	
  -0.089	   0.275	   0.124	  -0.184	  -0.184	  -0.184	   0.070	  -0.971	
  -0.184	  -0.136	   0.000	   0.202	  -0.690	  -0.152	  -0.029	  -0.152	
   0.138	   0.098	  -0.252	   0.124	  -0.120	  -1.184	  -0.089	   0.151	
  -0.494	   0.014	  -0.152	   0.057	  -0.168	   0.014	   0.098	  -0.494	
  -0.044	  -0.152	   0.057	  -0.269	  -0.201	  -0.218	  -0.252	  -0.044	
  -0.201	  -0.015	   0.084	  -0.269	   0.084	  -0.494	  -0.136	  -0.168	
  -0.269	   0.029	   0.202	   0.070	   0.138	  -0.811	  -0.168	  -0.304	
   0.275	  -0.136	  -0.252	  -0.015	  -0.044	  -0.713	  -0.168	  -0.059	
  -0.322	  -0.044	   0.070	   0.057	  -0.201	  -0.515	  -0.015	  -0.136	
  -0.105	  -0.136	  -0.059	   0.164	  -0.152	  -0.578	   0.084	  -0.322	
  -0.168	   0.287	   0.433	   0.287	  -0.837	  -0.889	   0.705	  -0.916	
  -0.201	  -0.015	  -0.044	   0.176	  -0.168	  -0.863	  -0.234	   0.251	
  -0.136	  -0.105	   0.322	  -0.252	  -0.322	  -0.340	  -0.029	  -0.234	
   0.029	   0.526	   0.176	  -0.136	  -0.454	  -0.737	  -0.074	  -0.415	
  -0.269	   0.214	  -0.029	   0.151	   0.014	  -0.600	   0.151	  -0.713	
   0.084	   0.111	   0.189	   0.057	  -0.269	  -0.863	   0.029	  -0.415	
  -0.474	  -0.089	   0.070	   0.124	   0.057	  -0.578	  -0.089	  -0.089	
  -0.234	  -0.136	   0.287	   0.029	  -0.286	  -0.358	   0.014	  -0.377	
  -0.089	  -0.340	  -0.396	   0.333	  -1.029	   0.299	   0.556	  -0.377	
  -0.074	   0.043	  -0.044	  -0.863	   0.251	   0.014	  -0.152	  -0.218	
   0.575	   0.176	  -0.136	  -0.667	  -0.322	  -0.152	  -0.152	  -0.358	
   0.782	   0.070	   0.057	  -0.218	  -0.494	  -0.494	  -0.340	  -0.396	
  -0.184	  -0.304	  -0.120	   0.070	  -0.152	  -0.396	  -0.029	   0.084	
  -0.152	  -0.074	  -0.089	  -0.029	  -0.168	  -0.396	  -0.074	  -0.044	
  -0.454	   0.164	  -0.105	   0.070	  -0.184	  -0.304	   0.189	  -0.396	
   0.367	  -0.105	  -0.515	   0.189	   0.057	  -0.415	   0.214	  -0.811	
  -0.044	  -0.015	   0.029	  -0.358	  -0.120	   0.239	  -0.322	  -0.415	
   0.475	  -0.168	   0.070	  -0.515	   0.111	  -0.622	  -0.358	   0.000	
  -0.201	  -0.136	  -0.168	  -0.218	   0.014	  -0.377	   0.070	   0.014	
  -0.218	   0.057	   0.111	  -0.074	  -0.396	  -0.340	   0.000	  -0.136	
  -0.234	  -0.377	  -0.029	   0.433	  -0.074	  -0.690	  -0.184	   0.164	
  -0.074	   0.299	   0.111	  -0.889	  -0.358	  -0.396	   0.604	  -0.286	
   0.333	  -0.120	  -0.737	   0.164	  -0.286	  -0.786	   0.322	   0.124	
  -0.269	   0.043	  -0.304	   0.660	   0.138	  -0.556	   0.526	  -1.218	
  -0.556	  -0.286	   0.496	  -0.201	   0.029	  -0.089	   0.390	  -0.761	
   0.444	   0.043	  -0.234	  -0.044	  -0.396	  -0.434	  -0.015	  -0.340	
  -0.105	  -0.044	   0.310	   0.164	  -0.029	  -0.889	   0.485	  -0.863	
  -0.168	  -0.269	  -0.059	   0.029	   0.014	  -0.322	  -0.059	  -0.136	
  -0.168	  -0.044	   0.029	  -0.304	  -0.396	   0.526	  -0.340	  -0.269	
  -0.737	   1.585	  -1.089	   1.275	  -0.622	  -0.234	  -0.396	  -0.737	
   0.263	  -0.074	  -0.074	   0.239	  -0.168	  -0.713	  -0.218	  -0.201	
   0.723	   0.014	  -0.358	  -0.340	  -0.074	  -0.916	  -0.252	   0.263	
   0.390	  -0.044	  -0.286	  -0.120	   0.057	  -0.943	  -0.152	   0.164	
  -0.029	  -0.105	   0.124	   0.731	  -0.434	  -0.600	   0.070	  -0.690	
  -0.184	   0.214	   0.000	  -0.074	  -0.515	  -0.535	   0.322	  -0.152	
   0.070	  -0.252	  -0.029	   0.239	   0.000	  -0.916	   0.251	  -0.286	
  -0.059	  -0.136	   0.111	  -0.201	   0.070	  -0.622	  -0.415	   0.333	
  -0.218	   0.124	  -0.304	   0.411	  -0.059	  -0.690	  -0.089	  -0.089	
   0.239	  -0.286	  -0.340	   0.275	  -0.201	  -0.535	  -0.044	  -0.015	
  -0.059	   0.014	  -0.201	   0.084	   0.070	  -0.600	  -0.029	  -0.184	
  -0.089	  -0.105	  -0.089	   0.014	  -0.252	  -0.234	   0.057	  -0.201	
  -0.074	   0.057	  -0.089	   0.651	   0.043	  -0.600	  -0.286	  -0.600	
   0.151	  -0.168	   0.356	  -0.201	   0.164	  -0.494	  -0.136	  -0.556	
  -0.494	  -0.136	   0.084	  -0.304	  -0.015	  -0.015	  -0.269	   0.263	
  -0.515	   0.367	  -0.322	   0.098	  -0.252	  -0.286	   0.084	  -0.059	
  -0.218	  -0.184	  -0.074	   0.029	   0.098	  -0.556	  -0.074	   0.098	
   0.084	  -0.340	  -0.059	   0.164	   0.084	  -0.515	   0.176	  -0.474	
   0.029	  -0.304	   0.000	   0.138	  -0.089	  -0.578	  -0.015	  -0.059	
  -0.152	   0.084	   0.660	  -0.535	  -0.943	   0.714	  -0.304	  -0.396	
   0.124	  -0.622	   0.239	  -0.120	   0.043	  -0.029	   0.356	  -0.863	
   0.263	  -0.252	   0.084	   0.356	  -0.340	  -0.761	  -0.015	  -0.201	
  -0.152	   0.176	   0.043	   0.251	  -0.152	  -0.358	  -0.234	  -0.434	
  -0.286	  -0.304	   0.098	   0.000	  -0.015	  -0.120	   0.057	  -0.286	
   0.070	  -0.044	   0.000	  -0.201	   0.176	  -0.578	  -0.234	  -0.044	
   0.444	  -0.015	  -0.089	  -0.201	  -0.304	  -0.474	   0.057	  -0.269	
   0.251	   0.070	  -0.269	  -0.218	  -0.152	  -0.644	   0.111	   0.000	
   0.356	  -0.286	  -0.136	  -0.434	  -0.252	  -0.515	   0.310	   0.111	
   0.299	   0.227	   0.014	   0.070	  -0.600	  -0.644	   0.138	  -0.340	
  -0.377	  -0.120	   0.164	   0.098	  -0.415	  -0.644	   0.536	  -0.074	
   0.333	   0.687	   0.151	   0.043	  -0.252	  -0.863	   0.356	  -1.286	
   0.138	   0.138	   0.084	  -0.120	  -0.120	  -0.494	  -0.218	  -0.234	
   0.227	  -0.340	   1.316	   0.043	  -0.667	  -1.000	   0.151	  -0.556	
  -0.184	  -0.396	   0.765	   0.287	  -0.269	  -1.000	   0.275	  -0.304	
  -0.184	  -0.074	   0.239	   0.546	  -0.044	  -1.252	   0.506	  -0.556	
   0.098	  -0.201	   0.227	  -0.201	  -0.269	   0.138	  -0.074	  -0.535	
   0.816	  -0.120	   0.227	   0.029	  -1.152	  -0.535	   0.632	  -0.713	
   0.124	   0.098	   0.043	   0.138	  -0.218	  -0.713	  -0.029	  -0.252	
  -0.044	   0.057	  -0.218	   0.029	  -0.454	  -0.396	   0.084	   0.138	
   0.227	  -0.396	   0.214	   0.029	  -0.286	  -0.168	  -0.136	  -0.286	
   0.138	   0.098	  -0.029	  -0.120	   0.000	  -0.644	  -0.286	   0.043	
   0.070	   0.111	  -0.184	  -0.029	   0.138	  -0.863	   0.111	  -0.152	
  -0.494	   0.138	   0.084	  -0.089	  -0.184	  -0.286	   0.310	  -0.269	
  -0.252	   0.189	   0.138	   0.111	  -0.434	  -0.434	   0.014	  -0.120	
  -0.556	   0.379	   0.411	   0.379	  -0.515	  -0.015	   0.111	  -0.971	
   0.029	   0.239	   0.176	   0.151	  -0.218	  -0.761	  -0.152	  -0.234	
   0.345	   0.043	  -0.029	  -0.515	   0.098	  -0.494	  -0.015	  -0.201	
  -0.434	  -0.152	   0.227	   0.239	  -0.474	  -0.269	   0.176	  -0.074	
  -0.120	  -0.184	   0.454	   0.202	  -0.474	  -0.252	   0.029	  -0.415	
   0.322	  -0.105	   0.401	  -0.044	  -0.415	  -0.015	   0.014	  -0.916	
   0.014	  -0.218	  -0.201	   0.111	  -0.044	  -0.811	   0.098	   0.299	
  -0.515	  -0.434	  -0.234	  -0.015	   0.014	  -0.322	   0.526	   0.239	
  -0.218	  -0.029	   0.263	   0.057	  -0.201	  -0.089	   0.043	  -0.556	
  -0.168	   0.138	   0.138	   0.202	  -0.377	  -0.269	   0.124	  -0.515	
  -0.105	   0.124	   0.556	  -0.286	   0.070	  -0.494	   0.029	  -0.622	
   0.227	   0.014	   0.000	   0.057	  -0.358	  -0.578	   0.098	  -0.184	
   0.546	   0.287	   0.164	  -0.474	   0.057	  -0.916	  -0.252	  -0.136	
   0.138	  -0.089	  -0.152	  -0.074	  -0.184	  -0.252	   0.000	  -0.105	
   0.251	   0.057	  -0.218	   0.057	  -0.234	  -0.089	  -0.105	  -0.434	
   0.124	  -0.059	  -0.015	   0.124	   0.043	  -0.415	  -0.059	  -0.454	
   0.084	  -0.029	  -0.184	  -0.304	   0.356	  -0.322	  -0.304	   0.000	
   0.227	  -0.201	   0.864	  -0.015	  -0.152	  -0.201	   0.043	  -1.252	
   0.164	  -0.168	   0.084	   0.111	   0.176	  -0.644	   0.176	  -0.578	
   0.390	   0.151	   0.214	  -0.029	  -0.218	  -0.786	  -0.059	  -0.340	
   0.356	  -0.184	   0.227	  -0.089	   0.124	  -0.690	  -0.218	  -0.201	
  -0.059	  -0.152	   0.176	   0.098	  -0.358	  -0.269	   0.014	  -0.105	
   0.275	  -0.136	  -0.015	  -0.015	  -0.667	  -0.120	   0.151	  -0.120	
   0.111	   0.164	   0.111	   0.014	   0.356	  -0.811	  -0.454	  -0.136	
   0.322	   0.000	  -0.105	   0.151	  -0.943	   0.029	   0.111	  -0.184	
   0.029	   0.151	   0.084	   0.367	  -0.358	  -0.837	   0.202	  -0.252	
  -0.286	  -0.152	   0.151	   0.029	   0.029	  -0.515	   0.227	  -0.089	
  -0.201	   0.043	   0.310	  -0.184	  -0.556	  -0.059	   0.227	  -0.184	
   0.084	   0.333	   0.367	   0.138	  -0.201	  -1.059	   0.098	  -0.358	
   0.604	  -0.044	  -0.152	  -0.168	   0.322	  -0.889	  -0.015	  -0.252	
   0.138	  -0.059	   0.098	  -0.218	   0.029	  -0.396	  -0.152	  -0.029	
   0.057	   0.111	   0.070	  -0.269	   0.189	  -0.690	   0.098	  -0.152	
  -0.515	   1.214	  -0.377	   0.098	  -0.474	  -0.434	   0.575	  -0.667	
   0.604	  -0.377	  -0.252	  -0.015	   0.202	  -0.713	   0.029	  -0.044	
   0.227	   0.310	  -0.120	   0.356	  -0.168	  -0.556	   0.000	  -0.600	
   0.176	   0.000	  -0.286	  -0.029	  -0.168	  -0.322	   0.124	  -0.044	
  -0.168	  -0.269	  -0.184	   0.057	   0.263	   0.138	   0.098	  -0.474	
  -0.168	  -0.252	  -0.201	   0.070	   0.014	   0.029	   0.138	  -0.168	
  -0.136	   2.907	  -0.105	  -1.737	  -0.358	  -0.304	  -0.015	  -0.786	
  -0.358	  -0.152	   1.367	  -0.340	   0.239	  -0.535	  -0.269	  -0.474	
   0.333	  -0.269	   0.057	   0.202	  -0.044	  -0.494	  -0.089	  -0.218	
  -0.059	   0.556	   0.651	   0.070	  -0.971	  -0.786	   0.918	  -0.889	
   0.084	   0.138	   0.189	   0.084	  -0.074	  -0.494	  -0.074	  -0.358	
  -0.015	   0.000	   0.070	  -0.322	  -0.044	   0.000	  -0.059	  -0.136	
   0.214	  -0.074	  -0.152	   0.098	  -0.286	  -0.152	  -0.184	   0.043	
   0.299	  -0.120	   0.057	  -0.105	  -0.304	  -0.304	  -0.059	   0.043	
   0.029	   0.070	  -0.152	   0.189	  -0.059	  -0.322	   0.287	  -0.535	
  -0.059	  -0.286	   0.189	   0.138	   0.057	  -0.286	  -0.184	  -0.059	
  -0.089	  -0.218	   0.124	   0.043	  -0.105	  -0.105	  -0.105	  -0.029	
   0.189	   0.714	   0.791	   0.536	  -1.599	  -0.269	   0.251	  -1.089	
  -0.304	   0.124	   0.660	   0.202	  -0.811	  -0.761	   0.585	  -0.168	
  -0.269	   0.098	   0.098	   0.299	  -0.152	  -0.358	   0.705	  -0.889	
  -0.201	   0.124	   0.546	  -0.120	   0.239	  -0.667	  -0.234	  -0.152	
   0.043	  -0.120	   0.084	  -0.234	  -0.234	  -0.377	   0.263	   0.124	
   0.227	  -0.015	   0.299	   0.239	  -0.168	  -0.535	   0.043	  -0.535	
  -0.377	   0.151	   0.151	   0.057	  -0.322	   0.872	  -0.059	  -0.916	
   0.299	  -0.152	  -0.304	  -0.136	  -0.015	  -0.074	  -0.044	  -0.015	
  -0.252	   0.202	   0.057	  -0.059	   0.043	   0.084	  -0.152	  -0.358	
   0.422	   0.485	   0.124	  -0.074	  -0.105	  -0.786	   0.014	  -0.515	
  -0.184	  -0.074	   0.696	   0.367	   0.214	  -1.396	   0.214	  -0.269	
   0.138	   0.214	  -0.340	   0.029	  -0.015	  -0.340	  -0.105	   0.000	
   0.070	   0.000	   0.111	  -0.074	  -0.396	  -0.304	   0.799	  -0.622	
   0.275	  -0.059	  -0.105	  -0.304	   0.111	  -0.089	  -0.152	  -0.089	
  -0.218	  -0.074	  -0.120	   0.986	  -0.889	  -0.396	   0.485	  -0.184	
  -0.089	  -0.415	   0.000	   0.454	  -0.218	  -0.690	   0.138	   0.411	
  -0.089	  -0.218	  -0.396	   0.614	   0.239	  -0.916	   0.496	  -0.136	
   0.333	   0.623	   0.000	  -0.358	   0.043	  -0.396	  -0.415	  -0.234	
   0.124	  -0.074	   0.202	   0.263	  -0.556	  -0.377	   0.202	  -0.184	
   0.151	   0.029	   0.536	  -0.168	   0.164	  -0.837	  -0.089	  -0.184	
   0.454	   0.124	  -0.044	   0.124	  -0.578	   0.043	   0.098	  -0.600	
  -0.269	   2.529	  -1.184	   0.239	  -0.737	  -0.644	   0.356	  -0.667	
  -0.120	   0.251	  -0.168	   0.485	  -0.322	  -0.667	   0.057	   0.111	
   0.084	  -0.396	   0.124	   0.227	  -0.415	  -0.059	   0.566	  -0.494	
   0.057	   0.000	   0.151	   0.057	   0.151	  -0.622	   0.014	  -0.168	
   0.390	   0.043	  -0.089	   0.043	   0.000	  -0.667	   0.057	  -0.136	
   0.239	  -0.358	  -0.015	  -0.044	   0.098	  -0.234	   0.098	  -0.136	
   0.202	   0.287	   0.014	  -0.059	   0.057	  -0.535	  -0.015	  -0.304	
   0.098	  -0.252	  -0.120	   0.151	   0.189	  -0.737	   0.678	  -0.358	
  -0.322	  -0.074	   0.546	  -0.074	   0.000	  -0.105	  -0.029	  -0.286	
  -0.089	  -0.029	   0.465	  -0.234	   0.014	  -0.286	  -0.074	  -0.105	
   0.214	   0.214	   0.084	   0.151	  -0.434	  -0.494	   0.124	  -0.184	
   0.084	   0.151	   0.345	   0.138	  -0.622	  -0.322	   0.138	  -0.234	
   0.496	  -0.184	  -0.322	  -0.074	  -0.184	   0.251	  -0.184	  -0.105	
   0.379	   0.176	   0.333	  -0.340	   0.138	  -0.454	  -0.044	  -0.494	
  -0.304	   0.263	  -0.322	   0.084	  -0.184	   0.202	   0.475	  -0.515	
   0.000	  -0.234	   0.202	   0.138	  -0.059	  -0.600	   0.227	   0.029	
  -0.105	   0.263	   0.275	  -0.454	   0.000	  -0.454	   0.322	  -0.136	
  -0.304	  -0.304	   0.263	   0.214	  -0.474	   0.299	   0.422	  -0.396	
   0.057	  -0.089	   0.227	   0.151	  -0.269	  -0.304	   0.444	  -0.494	
  -0.286	   0.151	  -0.015	  -0.059	   0.310	  -0.644	   0.057	   0.227	
  -0.168	   0.124	  -0.120	   0.124	  -0.252	   0.057	  -0.044	   0.029	
   0.098	   0.084	   0.202	  -0.136	   0.014	  -0.415	  -0.029	  -0.059	
  -0.252	  -0.494	   0.345	  -0.089	   0.014	  -0.015	   0.390	  -0.136	
   0.084	   0.444	   0.057	   0.214	  -0.168	  -0.622	   0.098	  -0.340	
   0.379	  -0.074	  -0.218	   0.057	  -0.105	  -0.494	  -0.059	   0.299	
   0.299	  -0.152	  -0.152	  -0.120	  -0.269	   0.151	  -0.234	   0.275	
   0.411	   0.098	  -0.015	  -0.152	   0.189	  -0.474	  -0.269	   0.014	
   0.632	  -0.358	   0.164	   0.000	  -0.556	  -0.340	   0.367	  -0.105	
   0.000	  -0.377	   0.151	   0.287	   0.014	  -0.622	   0.731	  -0.377	
   0.084	   0.379	   0.202	   0.202	  -0.286	  -0.340	   0.043	  -0.474	
   0.275	   0.014	  -0.044	   0.098	  -0.234	  -0.535	   0.227	   0.014	
  -0.105	   0.239	   0.333	   0.057	  -0.089	  -0.622	   0.356	  -0.340	
   0.526	  -0.152	   0.227	   0.000	   0.138	  -0.535	   0.465	  -0.837	
   0.202	  -0.059	  -0.494	  -0.044	  -0.396	   0.623	  -0.322	   0.322	
  -0.105	   0.263	   0.595	  -0.252	  -0.269	  -0.622	   0.411	  -0.168	
   0.401	  -0.059	   0.475	   0.000	  -0.377	  -0.434	  -0.089	  -0.059	
   0.299	   0.043	   0.151	   0.138	   0.057	  -0.713	   0.138	  -0.252	
   0.043	   0.124	  -0.415	   0.251	   0.014	  -0.474	   0.444	  -0.120	
   0.632	  -0.120	   0.014	   0.098	  -0.304	  -0.415	   0.214	  -0.252	
   0.322	  -0.184	   0.029	   0.239	  -0.059	  -0.578	   0.176	  -0.059	
  -0.120	  -0.201	   0.345	  -0.015	   0.189	  -0.218	  -0.105	   0.014	
   0.070	  -0.286	  -0.029	   0.151	  -0.811	  -0.304	   0.485	   0.623	
  -0.015	  -0.059	  -0.074	  -0.105	  -0.269	   0.401	  -0.105	   0.138	
  -0.916	   0.848	   0.651	  -0.136	  -0.434	  -0.358	   0.903	  -0.644	
   0.029	  -0.234	   0.322	   0.043	  -0.059	  -0.201	   0.043	  -0.015	
  -0.340	  -0.322	   0.799	  -0.322	   0.098	  -0.136	  -0.044	   0.202	
   0.070	   0.057	   0.390	  -0.286	  -0.269	  -0.474	  -0.059	   0.506	
   0.263	   0.239	   0.227	  -0.340	   0.176	  -0.535	   0.043	  -0.136	
   0.379	   0.084	   0.239	   0.275	   0.057	  -1.089	   0.322	  -0.322	
   0.214	  -0.201	   0.251	  -0.252	   0.202	  -0.184	  -0.152	   0.070	
  -0.029	   0.604	   0.322	  -0.269	   0.263	  -0.535	  -0.059	  -0.340	
  -0.644	  -0.015	   0.287	   0.176	   0.000	  -0.322	  -0.029	   0.506	
   0.411	   0.098	  -0.074	  -0.089	   0.287	  -0.600	  -0.286	   0.214	
   1.287	  -0.136	  -0.377	   0.287	  -0.667	  -0.340	  -0.201	   0.111	
   0.000	  -0.059	   0.251	   0.275	  -0.304	  -0.415	   0.251	  -0.029	
   0.263	   0.014	   0.057	  -0.136	  -0.415	   0.176	   0.029	  -0.015	
  -0.434	   0.124	   0.465	   0.098	  -0.015	  -0.340	  -0.120	   0.202	
   0.251	  -0.152	   0.164	   0.111	  -0.322	  -0.269	  -0.015	   0.214	
   0.057	   0.164	   0.151	   0.227	   0.275	  -0.863	   0.111	  -0.136	
  -0.761	  -0.201	   0.546	  -0.015	   0.043	  -0.396	   0.151	   0.632	
  -0.089	  -0.340	  -0.105	   0.585	  -0.269	  -0.667	   0.585	   0.299	
   0.310	   0.546	  -0.074	   0.345	   0.000	  -1.029	   0.239	  -0.322	
   0.367	   0.084	   0.043	  -0.120	  -0.556	   0.496	  -0.201	  -0.089	
  -0.015	  -0.044	   0.614	   0.070	  -0.535	   0.000	   0.333	  -0.396	
   0.379	  -0.304	   0.202	  -0.074	   0.084	  -0.667	   0.124	   0.322	
   0.401	   0.239	   0.084	   0.367	  -0.644	  -0.761	   0.433	  -0.044	
   0.526	  -0.184	  -0.136	   0.251	   0.084	  -0.811	   0.070	   0.275	
  -0.059	  -0.304	   0.043	   0.043	   0.014	  -0.252	   0.111	   0.485	
   0.164	   0.070	   0.239	  -0.340	   0.322	  -0.074	  -0.152	  -0.136	
  -0.322	  -0.074	  -0.168	   0.189	   0.176	  -0.863	   1.362	  -0.201	
   0.475	  -0.152	   0.176	  -0.434	   0.757	  -0.515	  -0.358	   0.164	
  -0.120	   0.084	   0.176	   0.367	  -0.377	  -0.556	   0.978	  -0.434	
   0.411	   0.239	   0.214	   0.014	  -0.152	  -0.201	   0.029	  -0.434	
   0.595	   0.444	   0.227	  -0.089	   0.151	  -0.494	  -0.015	  -0.690	
   0.070	  -0.044	   0.263	  -0.105	  -0.184	   0.057	   0.014	   0.057	
   0.239	  -0.286	   0.379	   0.176	  -0.535	  -0.089	   0.401	  -0.152	
   0.356	   0.014	   0.379	   0.176	  -0.434	  -0.340	   0.202	  -0.218	
   0.084	   0.566	   0.546	  -0.535	  -0.105	  -0.152	   0.299	  -0.556	
  -0.184	  -0.089	   0.057	   0.057	   0.070	  -0.089	   0.111	   0.227	
   0.239	  -0.168	  -0.201	   0.164	   0.000	  -0.120	   0.029	   0.227	
   0.263	   0.000	   0.239	   0.014	   0.176	  -0.556	  -0.105	   0.164	
   0.356	   0.057	   0.057	   0.411	  -0.454	  -0.644	   0.322	   0.098	
   0.057	   0.151	   0.433	   0.138	   0.014	   0.084	   0.043	  -0.690	
   0.310	  -0.454	  -0.168	   0.164	  -0.029	  -0.015	  -0.074	   0.496	
   0.189	  -0.168	   0.275	   0.057	  -0.377	   0.299	   0.287	  -0.322	
   0.299	   0.043	   0.422	  -0.136	  -0.184	  -0.269	   0.251	  -0.168	
   0.084	  -0.074	  -0.044	   0.214	   0.029	  -0.252	   0.299	   0.014	
   0.614	  -0.201	  -0.044	   0.164	  -0.184	   0.070	   0.098	  -0.218	
   0.227	  -0.322	   0.000	   0.000	   0.029	  -0.059	   0.251	   0.189	
  -0.622	   0.310	   0.465	   0.740	  -0.059	  -0.218	   0.566	  -0.863	
   0.029	   0.070	   0.333	   0.057	   0.239	  -0.434	   0.043	   0.000	
   0.345	  -0.168	  -0.168	   0.043	   0.333	  -0.358	  -0.201	   0.516	
   0.000	   0.251	   0.098	   0.138	   0.014	  -0.168	   0.465	  -0.454	
   0.345	   0.124	   0.176	  -0.168	   0.000	  -0.322	   0.111	   0.084	
   0.111	   0.189	   0.824	   0.251	  -0.474	  -0.690	   0.202	  -0.044	
   0.287	   0.595	   0.496	  -0.286	  -0.105	  -0.415	   0.214	  -0.415	
  -0.059	   0.390	   0.345	   0.098	  -0.168	  -0.535	   0.263	   0.043	
   0.299	   0.000	   0.202	   0.287	  -0.269	  -0.434	   0.138	   0.164	
   0.227	   0.111	   0.506	   0.604	  -0.184	  -0.494	   0.678	  -1.059	
  -0.044	   0.029	   0.251	   0.390	  -0.015	  -0.218	   0.111	  -0.105	
   0.124	  -0.015	   0.322	   0.214	  -0.044	  -0.340	   0.356	  -0.218	
   0.678	   0.084	  -0.029	   0.379	  -0.218	  -0.494	   0.401	  -0.396	
   0.214	   0.098	   0.623	  -0.358	  -0.074	  -0.120	   0.098	  -0.074	
   0.287	   0.138	   0.151	  -0.201	   0.070	  -0.152	  -0.074	   0.189	
   0.444	  -0.120	   0.164	   0.000	   0.333	  -0.556	   0.287	  -0.136	
   0.151	  -0.168	  -0.044	   0.263	  -0.269	  -0.152	   0.444	   0.214	
   0.506	   0.043	  -0.304	  -0.322	   0.516	  -0.269	  -0.201	   0.475	
   0.379	   0.000	  -0.044	  -0.089	  -0.059	  -0.059	   0.043	   0.275	
   0.526	  -0.152	   0.014	  -0.168	   0.164	  -0.074	   0.000	   0.138	
   0.367	  -0.089	  -0.044	   0.057	   0.070	  -0.120	   0.057	   0.151	
   0.151	   1.057	   0.098	   0.164	   0.227	  -0.622	   0.239	  -0.811	
   0.546	  -0.029	  -0.120	   0.401	   0.310	  -1.029	   0.151	   0.275	
  -1.286	  -0.074	   0.465	   0.000	  -0.556	   0.757	   0.696	   0.506	
  -0.690	   0.070	   0.604	   0.275	  -0.059	  -0.168	   0.465	   0.029	
  -0.059	   0.043	   0.496	   0.516	   0.000	  -0.494	   0.516	  -0.474	
   0.422	  -0.168	  -0.286	   0.367	   0.098	  -0.304	   0.070	   0.345	
   0.496	  -0.044	   0.176	   0.043	  -0.136	  -0.089	   0.189	  -0.089	
  -0.029	   0.000	   0.322	   0.614	  -0.136	  -0.644	   0.084	   0.367	
   0.422	  -0.234	   0.322	   0.014	  -0.089	  -0.074	   0.299	  -0.059	
   0.731	  -0.286	  -0.029	   0.239	   0.239	  -0.713	   0.516	  -0.074	
  -0.218	   0.043	   0.379	   0.333	   0.164	  -0.515	   0.151	   0.287	
   0.214	   0.124	   0.887	  -0.105	  -0.415	   0.000	   0.189	  -0.269	
   0.111	   0.214	   0.057	   0.227	  -0.269	  -0.286	   0.575	   0.000	
  -0.286	  -0.184	   0.151	   0.214	  -0.120	   0.251	   0.454	   0.151	
   0.138	  -0.136	   0.251	   0.176	  -0.304	   0.310	   0.029	   0.176	
   0.164	   0.202	   0.000	  -0.136	   0.632	  -0.059	  -0.556	   0.411	
   0.299	   0.390	   0.356	   0.057	   0.014	  -0.377	   0.138	  -0.218	
   0.287	  -0.234	  -0.377	   0.124	   0.310	  -0.029	   0.566	   0.014	
   0.227	  -0.059	   0.660	  -0.059	   0.189	  -0.286	   0.014	   0.000	
  -0.074	   0.014	   0.485	   0.164	  -0.029	  -0.234	   0.454	  -0.074	
   0.903	   0.322	  -0.889	   0.506	  -0.234	  -0.136	   0.263	  -0.015	
   0.956	  -0.322	   0.098	  -0.152	   0.202	  -0.218	  -0.015	   0.176	
   0.098	  -0.152	  -0.015	   0.390	   0.043	  -0.667	   0.566	   0.475	
   0.000	  -0.136	   0.595	   0.043	  -0.377	   0.566	   0.124	  -0.074	
   0.444	  -0.152	   0.239	   0.506	  -0.396	  -0.454	   0.632	  -0.074	
   0.401	  -0.059	   0.356	   0.124	  -0.415	  -0.201	   0.546	   0.000	
   0.310	  -0.201	   0.151	   0.124	  -0.234	  -0.074	   0.333	   0.345	
   0.057	   0.124	   0.263	   0.098	   0.895	  -1.152	   0.029	   0.444	
   0.454	   0.098	   0.356	  -0.044	   0.454	  -0.474	  -0.168	   0.084	
   0.000	  -0.168	   0.390	   0.299	  -0.136	  -0.415	   1.183	  -0.358	
   0.669	  -0.578	   0.014	   0.345	  -0.358	  -0.059	   0.367	   0.411	
   0.202	  -0.074	  -0.029	   0.029	   0.111	   0.422	  -0.044	   0.202	
   0.227	   0.390	   0.433	   0.287	  -0.494	  -0.622	   0.614	   0.014	
   0.641	   0.111	   0.310	  -0.105	  -0.218	  -0.184	   0.299	   0.000	
  -0.252	   0.556	   0.310	  -0.105	  -0.304	   0.251	   0.575	  -0.168	
   1.124	  -0.105	   0.239	   0.070	   0.111	  -1.515	   0.614	   0.333	
  -0.089	  -0.234	   0.740	   0.084	  -0.015	   0.043	   0.444	  -0.074	
   0.029	   0.124	   1.692	  -0.044	  -0.252	  -0.269	   0.111	  -0.474	
   0.799	   0.465	   0.111	   0.322	   0.043	  -0.943	  -0.074	   0.214	
   0.465	  -0.322	   0.000	   0.057	   0.070	  -0.105	   0.475	   0.310	
   0.356	  -0.136	   0.214	   0.000	   0.070	   0.138	   0.098	   0.251	
   0.485	   0.516	   0.345	   0.014	  -0.059	  -0.474	   0.433	  -0.269	
   0.390	   0.202	   0.422	   0.111	   0.043	  -0.454	   0.275	   0.014	
   0.465	   0.239	   0.444	   0.401	  -0.252	  -0.340	   0.299	  -0.252	
   0.516	  -0.105	   0.506	  -0.377	   0.604	  -0.234	  -0.044	   0.138	
   0.251	  -0.015	   0.263	   0.057	   0.043	   0.138	   0.263	   0.014	
   0.287	   0.202	   0.401	   0.124	  -0.218	  -0.474	   0.687	   0.014	
   0.575	  -0.044	  -0.059	   0.411	  -0.415	   0.516	   0.029	   0.014	
   0.275	   0.043	   0.287	   0.705	  -0.622	  -0.322	   0.632	   0.070	
   0.641	   0.345	   0.111	   0.239	  -0.029	  -0.494	   0.176	   0.151	
   0.164	   0.251	   0.641	   0.239	  -0.252	   0.263	   0.214	  -0.358	
   0.496	  -0.201	   0.411	   0.379	   0.214	  -0.515	   0.043	   0.356	
   0.444	   0.202	   0.322	   0.287	  -0.184	   0.496	  -0.059	  -0.304	
   0.749	   0.098	   0.070	   0.322	  -0.535	   0.214	   0.310	  -0.015	
  -0.105	   0.379	   0.678	   0.111	   0.043	  -0.340	   0.757	  -0.286	
   0.454	  -0.322	   0.251	   0.251	   0.287	   0.251	   0.189	  -0.089	
   0.098	  -0.578	   0.604	   0.227	  -0.322	   0.516	   0.475	   0.263	
   0.556	   0.164	   0.322	   0.084	  -0.120	  -0.105	   0.287	   0.098	
   0.444	   0.356	   0.084	  -0.168	   0.322	   0.401	   0.070	  -0.184	
   0.632	  -0.105	   0.275	  -0.105	  -0.105	   0.111	   0.310	   0.310	
   0.444	  -0.218	  -0.218	   0.251	  -0.029	   0.251	   0.714	   0.138	
   0.911	   0.189	   0.422	   0.422	  -0.286	  -0.556	   0.287	  -0.044	
   0.566	   0.333	   0.263	  -0.105	  -0.201	   0.111	   0.356	   0.070	
   0.014	  -0.015	   0.164	   0.475	   0.299	  -0.044	   0.239	   0.287	
   0.379	   0.124	   0.575	   0.566	   0.014	  -0.415	   0.189	   0.014	
   0.485	   0.057	   1.163	  -0.059	   0.189	  -0.234	   0.299	  -0.415	
   0.227	  -0.201	   0.287	   0.251	   0.029	   0.411	   0.014	   0.485	
   0.485	  -0.218	   0.275	  -0.201	   0.164	   0.164	   0.575	   0.263	
   0.029	   0.214	   0.595	  -0.029	   0.251	  -0.015	   0.641	  -0.152	
   0.239	   0.098	   0.641	   0.070	  -0.044	   0.057	   0.475	   0.000	
   0.669	   0.098	   0.070	   0.275	   0.176	  -0.105	   0.057	   0.299	
  -0.136	   0.164	   0.496	   0.799	   0.526	  -0.622	   0.696	  -0.377	
   0.791	  -0.044	  -0.120	   0.138	   0.029	   0.379	   0.084	   0.299	
   0.356	   0.536	   0.454	  -0.415	  -0.136	   1.299	   0.029	  -0.556	
   0.454	   1.233	   0.536	  -0.015	  -0.105	  -0.168	   0.014	  -0.377	
   0.614	   0.705	   0.214	   0.029	   0.070	  -0.304	  -0.120	   0.367	
   0.299	  -0.152	   0.433	   0.390	   0.014	  -0.304	   0.227	   0.669	
   0.506	   0.848	   0.367	   0.029	   0.124	  -0.556	   0.546	  -0.252	
   0.014	  -0.184	  -0.322	  -0.234	  -0.304	   0.880	   0.774	   1.000	
   0.014	  -0.252	   0.189	   0.422	   0.000	   0.275	   0.623	   0.367	
   0.556	  -0.120	   0.731	   0.057	   0.124	  -0.218	   0.536	   0.098	
   1.328	  -0.434	   0.151	  -0.234	   0.263	  -0.269	   0.345	   0.632	
   0.239	   0.506	   0.345	   0.202	   0.138	  -0.168	   0.604	  -0.044	
   0.485	  -0.029	   0.506	   0.014	  -0.377	   0.189	   0.485	   0.575	
   0.422	  -0.120	   0.632	   0.310	  -0.286	   0.422	   0.556	   0.000	
   1.111	   0.176	   0.299	   0.176	  -0.136	   0.000	  -0.015	   0.345	
   1.098	   0.239	   0.614	  -0.415	  -0.136	  -0.089	   0.444	   0.263	
   0.164	  -0.044	   0.556	  -0.136	  -0.105	   0.556	   0.536	   0.496	
   1.098	   0.138	   0.287	   0.310	   0.299	  -0.515	   0.214	   0.227	
   0.723	  -0.074	   0.433	   0.098	   0.401	  -0.105	   0.057	   0.556	
   0.895	   0.189	   0.356	   0.411	  -0.105	  -0.340	   0.401	   0.345	
   0.138	  -0.120	   0.978	   0.189	  -0.089	   1.208	   0.496	  -0.515	
   1.433	   0.000	   0.239	   0.623	  -0.074	  -0.105	   0.749	  -0.556	
   0.926	  -0.218	   0.401	   0.111	   0.111	  -0.377	   0.604	   0.791	
   0.379	   0.623	   0.516	  -0.234	  -0.234	   2.186	  -0.184	  -0.644	
  -0.494	   0.070	   0.705	   0.202	   0.164	   0.433	   0.401	   0.986	
   0.475	   0.057	   0.872	   0.014	   0.124	   0.176	   0.496	   0.275	
   0.791	   0.227	   0.678	   0.367	   0.214	  -0.304	   0.623	  -0.059	
   0.824	  -0.168	   0.807	   0.239	   0.322	  -0.184	   0.485	   0.299	
   0.345	   0.029	   0.799	   0.000	   0.287	   0.322	   0.345	   0.641	
   0.687	   0.333	   0.444	   0.070	   0.251	   0.070	   1.043	  -0.074	
  -0.152	   0.411	   0.263	   0.356	   0.275	   0.585	   0.740	   0.485	
   0.496	  -0.136	   0.454	   0.322	   0.138	   0.356	   0.765	   0.949	
   1.609	   0.454	   0.536	  -0.622	   0.138	  -0.340	   1.757	  -0.105	
   0.176	   0.333	   0.926	   0.379	   0.098	   0.356	   1.438	  -0.184	
   1.111	  -0.120	   0.895	   0.614	  -0.120	  -0.015	   0.872	   0.345	
   0.390	   0.379	   1.485	   0.124	   0.651	  -0.074	  -0.168	   0.986	
   1.057	   0.856	   1.832	  -0.029	   0.749	  -0.644	   0.098	   0.070	
   1.339	   0.275	   1.328	   0.014	   0.189	   0.263	   0.251	   0.444	
   0.345	  -0.044	   0.454	   0.757	   0.536	   0.566	   0.816	   0.740	
   1.433	  -0.304	   0.623	   0.411	   0.070	   0.632	   0.506	   0.926	
   1.275	   0.485	   2.057	   0.098	   0.595	   0.632	   0.239	   0.111	
   1.350	   0.566	   0.749	   1.275	   1.660	   0.791	   1.551	   1.316	
   2.223	   2.101	   2.893	   3.296	   2.799	   1.895	   3.069	   3.086	
   3.297	   5.088	   5.343	   5.491	   3.721	   3.530	   5.374	   2.780	

