22.0
32.5
26.5
26.5
24.5
25.0
22.0
21.0
29.0
22.0
23.5
20.0
24.5
24.0
23.0
27.0
28.5
28.0
24.0
31.5
21.5
21.5
23.5
29.0
25.5
23.0
25.0
22.5
20.0
24.0
28.0
22.0
24.0
24.0
26.0
30.0
19.5
36.5
22.5
25.5
21.5
20.0
24.0
23.5
25.0
24.5
24.5
22.5
23.5
29.0
25.0
22.5
25.0
31.0
25.5
24.0
21.5
21.0
22.0
23.5
24.5
23.0
22.5
21.0
22.0
25.0
21.0
25.5
22.5
19.0
25.0
27.5
30.0
24.0
21.0
27.0
21.5
24.5
22.5
21.0
25.5
26.0
22.0
25.5
22.0
23.0
24.5
25.0
24.0
21.0
23.5
28.0
26.0
24.0
22.0
23.0
26.5
21.5
24.0
23.5
26.5
27.0
28.0
21.5
28.5
31.0
24.0
27.0
25.5
30.0
26.5
26.5
23.0
24.0
29.5
24.5
28.5
30.0
28.5
22.5
25.5
24.0
26.5
26.5
22.5
26.0
24.5
23.5
31.5
23.5
25.0
25.0
29.5
23.5
22.5
20.5
25.0
24.0
21.5
22.0
30.5
28.5
24.5
29.0
25.0
26.5
24.0
24.0
32.5
28.5
25.0
26.5
24.5
25.0
23.0
26.5
29.5
22.5
25.0
27.0
29.0
20.0
21.5
25.5
18.0
19.5
23.5
31.0
25.0
29.5
26.5
22.5
22.5
28.0
21.5
24.0
23.5
35.5
24.0
31.0
20.5
24.5
25.5
23.5
23.5
23.0
25.5
22.0
26.5
22.5
24.0
26.0
22.0
22.0
25.5
26.5
24.5
23.0
33.0
22.0
29.5
22.0
20.5
22.0
24.0
24.0
33.0
23.0
27.5
31.0
24.0
26.5
23.0
21.5
26.0
29.5
24.0
28.0
27.0
28.0
26.0
28.0
22.0
24.0
25.0
25.5
22.5
25.5
24.0
29.5
24.5
23.5
23.5
32.0
23.5
23.5
23.5
26.0
21.0
27.5
23.5
23.0
27.0
29.5
31.5
30.0
23.0
23.5
25.0
23.5
24.5
26.0
24.5
24.5
22.5
25.5
27.5
21.5
20.5
27.5
26.5
23.5
26.5
32.5
27.0
26.0
30.0
19.0
23.0
26.0
27.5
27.5
21.0
23.5
22.0
28.5
25.0
22.0
21.0
25.0
33.5
22.5
20.0
21.5
23.5
25.0
35.5
19.5
28.0
21.0
26.5
23.0
27.0
27.5
27.0
26.0
28.0
21.5
34.5
36.5
21.5
22.0
32.0
28.5
24.5
26.5
21.5
25.5
24.0
26.5
21.0
30.5
29.5
24.5
37.0
22.5
31.0
22.0
22.5
27.5
23.5
26.0
26.0
25.5
23.5
24.0
24.0
20.0
27.0
28.5
26.0
28.0
26.0
25.5
22.5
23.0
21.5
22.0
25.5
25.0
25.0
23.5
26.5
33.0
25.5
20.0
23.0
22.5
21.0
31.0
21.0
25.5
29.5
24.0
28.0
28.0
22.0
24.5
27.0
24.5
25.0
29.5
25.5
28.0
29.5
22.0
21.0
23.0
27.0
31.5
25.0
22.5
22.0
25.5
23.0
25.5
23.0
26.0
23.5
22.0
28.0
28.0
23.5
30.5
21.0
22.0
27.0
25.5
31.0
32.5
36.0
28.5
27.0
26.0
31.5
25.5
21.0
31.0
33.5
24.5
22.5
21.5
21.5
29.0
24.5
26.0
23.0
26.0
23.0
19.0
21.0
34.0
28.0
23.0
22.5
26.5
21.0
23.5
20.5
26.5
24.5
23.5
22.5
22.5
22.5
24.5
35.0
27.5
30.5
23.0
22.5
25.0
23.5
23.0
23.0
26.0
20.5
21.0
36.0
30.0
25.0
26.0
24.0
27.5
23.5
20.5
26.0
24.5
24.0
28.0
33.0
20.5
23.5
29.5
24.5
21.5
32.5
19.5
26.5
26.0
19.0
23.5
21.5
29.5
18.5
21.5
23.0
27.5
23.5
22.0
23.5
25.5
26.0
24.0
23.0
28.0
25.5
20.5
21.5
25.0
26.0
27.0
24.0
24.5
29.0
36.5
22.0
23.5
27.0
24.5
29.0
19.5
27.0
23.0
29.0
28.5
33.0
23.5
31.0
23.5
21.5
24.5
25.5
23.5
23.5
32.0
31.0
30.5
23.0
26.0
21.5
23.0
24.0
41.0
24.0
27.5
32.0
24.5
28.0
21.5
25.5
26.5
25.0
27.0
25.5
20.0
27.5
23.0
24.5
22.5
30.5
26.5
25.5
31.0
33.0
28.5
22.0
22.5
26.5
26.5
30.0
24.0
24.0
29.5
22.5
30.5
26.5
19.0
25.0
27.0
23.0
25.5
22.5
23.5
23.0
27.5
24.0
22.5
27.0
32.0
25.5
25.5
25.0
24.0
29.0
23.0
21.0
21.5
22.0
33.0
25.0
25.5
28.0
24.0
25.5
25.0
22.5
21.0
26.0
22.0
28.0
20.0
21.5
30.0
31.0
28.5
21.5
27.0
23.0
24.5
25.0
28.5
26.0
23.5
22.0
24.0
32.0
27.5
21.5
25.5
19.0
21.0
23.5
21.5
28.0
21.5
26.5
29.0
28.5
27.0
29.0
23.5
25.5
24.5
27.0
26.0
25.0
24.0
24.5
27.0
20.0
21.5
24.0
27.0
24.0
26.5
31.0
22.5
20.0
21.0
22.5
24.5
30.5
24.0
21.0
21.5
28.5
25.5
24.0
20.5
25.0
30.5
27.0
28.5
25.0
22.5
22.0
29.0
26.0
33.5
26.0
23.0
31.5
24.5
33.0
22.5
26.0
23.5
22.0
25.5
25.5
26.5
27.0
26.0
28.0
25.0
27.5
29.5
23.0
30.5
20.5
23.0
26.5
29.0
33.0
23.5
28.0
20.5
29.0
26.5
28.0
24.0
20.5
21.5
24.5
28.5
26.5
25.5
28.0
26.0
31.0
29.5
21.5
26.0
23.0
20.0
25.5
20.0
20.5
21.0
20.5
31.0
25.0
22.0
23.0
27.5
23.0
24.0
22.0
28.0
25.5
28.5
32.5
31.5
22.5
25.5
21.0
26.0
30.0
25.0
28.5
25.0
29.5
26.5
23.0
25.5
22.0
25.0
25.0
24.5
24.0
28.5
24.5
30.5
27.0
24.0
24.5
26.0
24.5
23.0
24.5
28.0
21.5
28.0
27.0
27.5
30.0
29.5
25.5
23.0
23.0
25.0
24.0
27.0
21.5
26.0
20.5
21.0
22.0
31.0
26.0
25.5
28.5
26.5
25.5
22.5
23.5
21.0
26.5
26.5
22.5
21.5
19.0
22.5
23.0
23.5
23.5
32.5
30.0
28.0
23.5
24.5
30.5
28.5
25.5
29.0
25.5
27.5
19.5
20.0
28.0
37.0
24.5
22.0
29.5
21.5
27.0
20.0
26.5
25.0
25.5
25.0
28.0
26.5
24.0
26.5
25.0
26.0
27.5
24.0
25.5
21.5
25.5
21.0
26.0
23.5
23.5
21.0
23.5
33.0
21.5
27.0
22.5
24.0
22.5
25.0
29.5
32.5
29.5
21.0
30.0
19.0
22.5
24.0
30.5
29.0
22.5
19.5
20.5
23.5
20.5
22.0
23.5
27.5
21.5
25.5
27.5
29.5
20.5
34.0
31.5
25.0
20.5
28.5
25.5
24.5
31.0
24.0
31.5
30.5
24.5
25.5
25.0
21.0
24.5
23.0
22.0
28.5
19.0
23.5
23.5
25.5
27.0
26.0
22.5
31.0
24.0
31.5
24.0
26.5
25.0
23.5
26.5
28.0
32.0
38.0
33.5
21.0
25.5
23.0
25.0
21.5
23.0
37.0
24.5
27.5
23.5
29.5
26.5
23.0
25.0
28.5
25.0
28.5
24.0
23.0
21.5
26.0
19.5
20.5
25.0
28.5
29.0
23.5
23.0
27.0
32.0
25.5
24.0
21.5
23.5
31.0
24.0
25.0
27.0
23.0
26.5
26.5
25.0
23.5
22.5
31.0
24.0
29.0
22.5
20.5
22.0
28.0
27.0
35.0
24.5
23.0
27.0
23.0
27.5
25.5
24.0
28.0
23.0
32.5
22.0
22.0
21.0
27.0
26.5
28.0
22.0
34.0
25.0
23.0
25.5
26.0
28.0
33.0
24.5
24.0
25.5
30.5
27.5
25.0
25.5
30.5
20.5
30.0
26.0
23.5
20.0
26.5
23.0
29.5
28.5
23.0
26.5
30.5
24.5
30.0
23.5
23.5
22.5
21.5
24.5
23.5
26.5
29.5
26.0
23.0
25.5
28.5
23.0
21.0
